0 0.260833 0.575444 0.098333 0.275148
0 0.215833 0.806213 0.135000 0.263314
0 0.340000 0.857988 0.146667 0.266272
0 0.430833 0.788462 0.125000 0.257396
0 0.506667 0.736686 0.093333 0.272189
0 0.542500 0.624260 0.091667 0.171598
0 0.592500 0.557692 0.098333 0.204142
0 0.610000 0.375740 0.130000 0.207101
0 0.726667 0.473373 0.076667 0.218935
0 0.668333 0.571006 0.063333 0.195266
0 0.869167 0.468935 0.101667 0.174556
0 0.811667 0.221893 0.096667 0.254438
0 0.913333 0.325444 0.106667 0.213018
1 0.089167 0.494083 0.068333 0.124260
1 0.086667 0.602071 0.046667 0.115385
