1 0.384477 0.783333 0.111913 0.220000
1 0.425993 0.595000 0.129964 0.163333
1 0.745487 0.843333 0.104693 0.133333
1 0.212996 0.756667 0.115523 0.133333
1 0.074007 0.708333 0.126354 0.223333
1 0.117329 0.590000 0.104693 0.106667
1 0.202166 0.515000 0.101083 0.116667
1 0.241877 0.360000 0.144404 0.180000
1 0.380866 0.330000 0.111913 0.180000
1 0.485560 0.458333 0.119134 0.150000
1 0.660650 0.435000 0.137184 0.223333
1 0.895307 0.476667 0.166065 0.220000
1 0.933213 0.301667 0.133574 0.223333
1 0.718412 0.305000 0.122744 0.183333
1 0.794224 0.176667 0.129964 0.106667
1 0.222022 0.156667 0.097473 0.186667
2 0.425993 0.125000 0.115523 0.096667
