0 0.550781 0.285112 0.164062 0.205056
0 0.576562 0.478933 0.150000 0.176966
0 0.465625 0.832865 0.159375 0.261236
0 0.239844 0.734551 0.142187 0.250000
0 0.372656 0.931180 0.142187 0.137640
0 0.530469 0.734551 0.160938 0.278090
0 0.361719 0.580056 0.107813 0.199438
0 0.539844 0.591292 0.129688 0.182584
0 0.657031 0.456461 0.107813 0.199438
0 0.706250 0.287921 0.125000 0.250000
0 0.853125 0.169944 0.134375 0.227528
0 0.225781 0.932584 0.142187 0.134831
0 0.335938 0.804775 0.096875 0.137640
0 0.709375 0.133427 0.128125 0.199438
0 0.748437 0.046348 0.156250 0.087079
0 0.893750 0.077247 0.125000 0.148876
