0 0.431435 0.354730 0.196203 0.317568
0 0.618143 0.461149 0.206751 0.300676
0 0.273207 0.430743 0.175105 0.293919
0 0.454641 0.670608 0.246835 0.320946
0 0.828059 0.567568 0.217300 0.304054
0 0.642405 0.787162 0.158228 0.290541
0 0.796414 0.817568 0.229958 0.243243
0 0.231013 0.719595 0.234177 0.277027
0 0.274262 0.922297 0.181435 0.155405
0 0.485232 0.910473 0.206751 0.179054
0 0.657173 0.217905 0.263713 0.347973
0 0.867089 0.310811 0.168776 0.222973
0 0.941983 0.535473 0.116034 0.260135
0 0.386076 0.160473 0.172996 0.172297
0 0.109705 0.804054 0.135021 0.236486
