0 0.450422 0.312500 0.196203 0.293919
0 0.296414 0.315878 0.141350 0.307432
0 0.707806 0.351351 0.196203 0.378378
0 0.622363 0.543919 0.202532 0.351351
0 0.200422 0.533784 0.198312 0.304054
0 0.413502 0.614865 0.215190 0.317568
0 0.181435 0.846284 0.189873 0.307432
0 0.388186 0.881757 0.215190 0.236486
0 0.588608 0.846284 0.189873 0.273649
0 0.785865 0.750000 0.204641 0.317568
0 0.885021 0.538851 0.162447 0.293919
0 0.182489 0.304054 0.128692 0.162162
0 0.063291 0.547297 0.122363 0.222973
0 0.449367 0.087838 0.194093 0.168919
0 0.925105 0.937500 0.145570 0.125000
0 0.686709 0.927365 0.196203 0.145270
0 0.048523 0.741554 0.092827 0.212838
